version https://git-lfs.github.com/spec/v1
oid sha256:9b810d410795006d0731504d2fc28b48ce4c097266586c22787d10f0650a7e8e
size 1206
