version https://git-lfs.github.com/spec/v1
oid sha256:143e85082660673960fbd377d9a474ee811eb702f913d02c786240f2f0873130
size 888
